12723155
17649469
20484569
19590313
19720595
20369022
18899896
19732099
18139299
20404890
19920094
19392417
19392421
19732527
19884659
12032642
18662112
19733428
19868057
19811008
17649469
19590313
20484569
12723155
19720595
20369022
18899896
19732099
20404890
19920094
19392417
18139299
19884659
19732527
19392421
12032642
18662112
19868057
19733428
20489828
19701255
20167414
20392780
20102770
20080368
18180330
19916957
19721006
19720388
20493858
19915338
19536367
20435639
13192712
20367369
20402002
19732127
19392241
20493857
20373750
19747211
20015406
20361769
20156364
20487814
20014445
19392193
14979632
20494162
19774371
18560276
18901629
20499924
20471305
19911508
19721116
20227787
19218441
20117782
20372134
20112803
20488533
20494533
20520345
20465347
20494530
19826567
19682547
20485028
19640363
20015826
19217520
19731898
19721232
19657101
19731860
19940362
20015845
19655557
20474933
19605644
20362689
9897013
19731040
20020079
20359408
19821233
20427720
20487135
19731326
19392428
20052701
19392271
19148117
19536023
19737775
19731942
19951771
20447535
20499882
20015829
20064865
19391955
19657227
19915381
20206473
20423067
20495779
19876954
20331136
18132533
18901279
20310578
20576512
11343747
18535547
20399574
19828251
20438114
19676844
19720635
20479515
19902960
16115115
17818309
19733075
20076738
20362663
19720717
11786579
18333233
20089666
20015828
20367367
20015817
20407682
19393724
19720446
20214303
19840822
20449410
20314346
20471287
18376882
10688642
19721607
20296841
19475325
20367380
19720784
8917184
20413534
19915363
19223886
19392046
19966020
20493861
18728878
20237015
20300775
20103475
19458128
19627861
8283267
18054627
19657189
20419860
17404864
19642984
20428085
20488526
19732871
19886115
19429611
19720820
19657188
20458631
19657216
19867415
20256477
20436351
18688410
19690723
20179047
19720628
19478215
20471825
19697844
20485418
20242420
19462554
19829434
18752898
19657106
20483462
19391997
20523528
19641761
19732751
20394779
20494527
19948022
18431606
19721088
20392287
19626566
20480397
20435453
19965731
20494532
19484340
19720619
18463359
20406832
19731970
19657225
19701244
18820544
20473116
17818321
20116773
19915326
19392038
17602571
18834491
19720410
17652231
19732202
19847895
20479332
20370968
20484448
19783483
20483457
20398018
20487285
20055875
20498515
19720917
19668101
18904397
20325803
20182038
19462541
19720777
20258713
20089403
19721184
19731092
20384401
19731978
20392612
14507159
19911564
19780986
19392366
18403650
17889078
19721364
19391989
20449417
19732117
17452418
12033155
19721220
19657139
20495333
19721215
19657096
19345899
19615971
19657199
19733143
20471123
20413769
20399589
20367373
20233146
19720682
20092451
19821150
20449400
19733048
19388751
20020437
20538530
20214308
20290591
19721229
20015838
20489683
19720378
10475453
20480462
20431102
18427942
19657162
19392342
19392036
19454816
20429325
19732562
12032811
19915375
19392043
20491820
16033481
20485414
19147428
17767107
20388839
20216226
19720642
19948159
19806766
20092470
19720683
19721011
19732120
19732555
16482190
17115610
18899876
15605399
19668833
20214947
20384273
18465467
19720774
20381548
19576902
10323558
20451715
19542159
20480379
16123170
20448965
20511637
20371916
19734805
20114107
19657095
19634322
18253189
20015822
20484273
18563781
20465617
18369188
19295148
19240204
19391944
19548411
20235926
17714996
19926995
20173239
20307836
19731742
20406705
19615369
20425161
20387975
20417794
18904396
20468187
19392203
20444422
20485334
20527293
20489832
18534590
20213667
16762755
20215755
16497491
16471152
20499225
15320883
20212150
19821110
11582135
19721189
19911626
20403357
20399581
20364816
19899023
19222018
20340622
20379257
19947703
19867111
19721713
17354543
18420042
12687219
20212357
19821128
16762748
18496906
19449191
19730878
19821443
19826466
20164942
19733088
20407714
19721356
17389047
20328393
19317881
20076914
20073338
19720383
20426887
19624411
20316546
20160348
20015810
20360441
17072348
20384265
20429066
20444408
20069581
20465615
19969034
19720790
19915357
19747902
20064860
19615438
19748865
19732468
20501617
19113891
19724995
19721125
20015843
19731863
19720483
19701595
17676729
14589025
19927281
19602369
16736153
20015821
19392017
19720772
20408810
19811008
19232903
19392262
20458699
20119541
20359560
19720750
19827253
19391957
20463279
19768300
20498082
20219174
20498583
19218853
19392209
19883930
17099376
19255716
20498604
20368423
19720355
20489374
20499239
19917024
19604279
19835020
19720723
19391991
19391940
20378961
19675967
20472635
20121100
19565203
20493860
19391992
20142604
11502544
19767691
19740878
20101513
20321995
19392039
19720741
20452762
20454842
20082647
18465470
18724875
19787758
20158377
20386850
19676535
20043491
19863197
19847759
19435801
19665043
19940588
19140513
19720694
19332723
19720549
19720545
19721039
19815601
19391986
20183984
19677130
20163972
18897636
19445853
19448236
19720703
16159318
20065176
19392013
19720555
19721038
19720711
19459699
17395270
20240759
20493867
19034657
19452521
19392008
19392040
19392343
20164397
19721000
12073863
15115377
20142611
20009251
20498128
18453269
20371407
17280493
19378846
19720815
19721019
19721180
20375808
20053053
19720544
19392244
19206177
19392372
19987095
11347974
19798854
20142415
18028514
19987111
19457464
19393684
20209486
19854189
17165132
12560192
18465476
20073070
20361936
15592811
15492620
20098780
18940921
19391985
20253828
19813809
19902745
18465438
19063993
19832373
19721100
20471999
20240384
20142636
19721774
20361822
20012495
19392360
19459287
19643734
20477229
19363161
19218339
19721244
19720402
19163774
19392389
20163636
20322995
19307525
19579718
20236754
18896203
18966481
20178509
20142403
6635283
11450662
18054654
19771643
19151725
18017258
19390335
19390575
19393755
19393895
19489461
19578545
19672990
19721098
19218676
19353762
19767700
19826534
19822001
20064155
18989901
20093037
20163066
20251324
20251169
18702839
20375737
20322633
19733371
19737745
19720398
19720366
17615125
19567947
19713884
18966524
20391658
19732938
20121633
19721249
17984270
18947053
17978976
19848969
19731654
19392243
19455924
19720812
19724858
19720658
19720754
20364977
19720877
20224497
19732003
19777671
19588622
19487840
19720647
5523532
19721062
19721112
19720527
20166583
20024165
18327317
20063817
17080457
18406085
19342883
19218860
20210077
19218864
19732109
20416452
19903312
19731736
19218869
19894296
20101567
20316203
15909096
19675416
12073877
19464240
20097508
20209502
19721109
20441586
18887015
19629691
11744880
19720634
12660255
20025595
19392016
20224164
20120973
20364667
20393290
20220492
20403292
19462553
19392226
19732439
19738783
20073497
20364515
19454821
19733196
20003718
17833800
18700316
17319619
19721096
19721104
19767576
19720705
20042120
20247489
19720326
20045190
20423469
19454812
19392012
19436386
20262995
17620617
19541050
19731540
19732619
15702932
20337923
20441486
18234759
19456525
19462536
18523067
19462537
19462538
19462547
19462545
20174167
19626787
20490749
20179129
17347014
17543974
18075999
18336181
18447953
18534463
19104952
16296170
18811558
17818363
19388745
17834152
16761278
19003464
17360699
19364370
19244049
17818317
19209493
19532989
19540599
19533864
19575479
19475884
19651180
19585791
19720751
19732459
19755468
19712976
19699783
19444448
19457868
19919005
19799738
19919136
20173913
20208955
8430550
20329324
20031937
19575719
19724849
20337925
20378501
19716188
20468409
20117825
19732635
20261156
19733219
19675114
19732145
16323973
19730804
19732107
19732155
20468177
18064273
19730905
19899119
12445001
20205962
20425065
19162280
19217414
19732607
18517346
19965803
20022461
20424909
17007515
8284054
17186688
18227735
17503039
11294305
19721344
19724728
19244900
19456528
19660082
19604258
19555530
19575474
19555519
19550495
19548089
19549778
19548018
19548004
19739583
19745857
19739175
19664832
19547988
19547992
19547965
19263484
19443529
19542094
19364347
19707410
19457393
20026194
20026183
17437731
18752917
18836390
19784289
19720859
20165870
20214263
19786030
20214232
18870189
19392370
20242338
20157111
19067806
20054432
14445716
19720559
12033293
19022507
8498286
11630284
16473091
12571916
19721305
19721340
19867701
20441691
18270047
13730747
20170402
19392044
19720341
19720608
19720892
16362907
19392270
19392045
18887102
11996979
17460236
10908285
16031814
16083752
15186628
19059348
18836300
18731031
19457395
19438935
18017269
17354645
17552359
17121004
19683441
19720773
19721117
19721128
19721239
19721594
19721610
19721618
19887072
19809230
19886507
17825976
17342039
18835781
19783996
19783270
19886065
19075495
19840353
18836386
19148548
20214247
19721635
20214242
20033464
19721310
19350784
19721337
17930316
17280874
19827153
11596593
16470777
19870642
17042532
20490741
19749857
15957159
15567343
13178251
19673111
19392353
19720764
19853406
19720898
19732161
6460729
10872907
20054420
11392043
19913086
15619356
15871378
15591763
17452944
17182670
18465280
16473094
19392217
19391988
18326684
19720539
19673023
15317789
19895751
14329122
6771000
20359686
20033863
20447132
11802543
20251377
20469210
6273861
20359593
20223929
20214310
19594160
19624806
14908764
15892860
17113817
19392047
16078345
20236897
19720387
17587953
19392384
19731941
14648633
20115744
19421633
14330190
14768855
16712936
18534277
19286602
19720679
20232800
19732977
13637510
20290614
7876706
14511059
12708575
16094374
17833628
17419943
17536938
17926476
18129744
18547206
17088973
17452463
18111237
16846959
17092736
18729286
18896007
18896218
18896235
18896248
18896265
18897645
18897649
18897652
18897660
18904395
18904403
18904408
18904398
18904415
18931945
19070277
18032602
19261168
19342857
19643920
19218433
18725788
19721216
19721124
19721234
19721315
19721376
19721628
19721721
19724870
19734064
19725440
19712896
19703183
19775761
19833011
19946625
19884329
20107873
19720590
16215474
19724997
20251483
19607787
19891464
19616622
20472425
20472566
19218460
16668364
19720524
20352263
20422227
19720745
19392052
19787515
20081293
17523258
19720680
10836704
10744671
16201970
16058544
20097679
19720358
15642769
10481092
15581007
8323456
11560779
10480669
17013957
12606677
18587043
18691119
19004339
18426360
19391960
19392007
19392035
19392202
19392006
19392423
19720408
19720382
19720348
19720632
19720879
19720664
19720708
19721317
19721332
19721382
19721353
19721622
19721717
19725400
19931962
20237370
19612901
19438774
20384411
18449323
11790488
12697320
5943817
16103456
17006682
16510453
19721598
19720787
19701199
19343447
19947454
12645490
20228565
8219786
17174199
6132888
18434202
20076930
18434205
11504156
16643106
18434203
19218865
16656806
19459751
16656726
19484048
19503943
19720371
19673000
19724639
19732311
18075488
19701208
19518992
20073614
20256619
18450150
18940874
7277773
6036413
16058106
7748579
5862776
6370263
19720630
12148420
11626932
11600100
12659913
12702242
6745514
8937382
6269400
15778294
15839985
16028880
16362623
11993020
16645436
10884900
16111996
16112180
12744872
12033143
11779605
17396734
20076977
17817465
17931424
17998085
18521564
18509941
18521657
17633285
18791772
11497195
16314415
19059795
18467849
19318089
19392029
19444998
18296270
19218862
19469183
19491489
18104686
19675175
19257509
19720364
19720487
19720530
19720576
19720696
19720704
19720855
19720865
19721106
19721349
19721640
20076984
19724981
19731166
19731760
19731897
19731937
19732024
19701171
19776131
16115579
19947088
20111697
19701121
19720586
19884984
20364978
15957137
5866032
11745476
12128336
20454214
12094021
12796073
12895344
13861604
17892297
13730589
7120048
7193322
14743157
16145204
11580415
11599115
17428751
17925576
17436092
17452441
17452533
17452647
17452665
17452777
17498881
17452956
17559907
17668999
17674692
17823562
17761606
17867169
17928597
18042614
18061372
18211767
18250833
18250834
18309701
18309768
18322659
18309587
18326499
18346166
18322664
17372606
18451673
18516156
18521583
18521646
18533684
18321230
18508678
18557123
17271345
17277462
18596516
18030243
16643138
18813778
16262939
19079071
16367496
19074715
18323926
18441995
17389753
18679556
18688589
19131608
18681245
18619072
18547771
18512943
18445065
19265736
18409460
19353630
18373550
19353664
17993240
18017240
17897609
17830411
17830331
17372032
17358471
17907918
19353697
19353774
19353794
18323923
17568248
19436262
17346683
19458176
11593441
17965998
12771686
19653040
18332924
8038953
19676517
19701150
19701110
19701155
19701166
19701178
19701229
19720350
19720359
19720381
19720377
19720386
19720397
19720404
19720391
19720423
19720444
19720579
19720428
19720454
19720467
19720463
19720474
19720478
19720669
19720480
19720479
19720484
19720493
19720488
19720495
19720501
19720506
19720503
19720511
19720513
19720519
19720528
19720535
19720551
19720542
19720557
19720547
19720568
19720561
19720600
19720599
19720617
19720620
19720612
19720624
19720623
19720629
19720633
19720640
19720639
19720643
19720645
19720649
19720652
19720648
19720650
19720654
19720660
19720661
19720657
19720663
19720670
19720665
19720671
19720779
19720677
19721017
19720676
19720687
19720691
19720693
19720697
19720698
19720712
19720726
19720740
19720738
19720755
19720757
19720765
19720759
19720768
19720778
19720792
19720799
19720841
19720888
19720873
19720834
19720889
19720909
19720936
19720923
19720980
19731793
19720987
19720963
19720992
19721026
19721013
19721023
19721034
19721061
19721028
19721052
19721092
19721067
19721114
19721091
19721118
19721123
19721127
20487289
19721133
19721324
19721217
19721712
19721718
19730851
19730791
19730874
19730941
19730968
19730966
19730978
19730997
19731024
19731069
19731091
19731146
19731232
19731249
19731253
19731281
19731302
19731359
19731382
19731385
19731762
19731764
19731768
19731821
19731851
19731858
19731876
19731873
19731883
19731867
19731879
19731891
19731895
19731902
19731906
19731909
19731912
19731910
19731916
19731920
19731930
19731947
19731951
19731954
19731982
19731987
19731974
19732002
19732015
19732014
19732028
19732023
19732035
19732040
19732043
19732042
19732063
19732046
19732078
19732075
19732103
19732119
19732130
19732146
19732151
19732165
19732168
19732179
19732183
19732173
19732184
19732185
19732198
19732197
19732221
19732209
19732246
19732286
19732323
19732337
19732372
19732399
19732415
19732418
19732419
19732433
19732507
19732434
19732523
19732544
19732586
19732595
19732727
19732655
19732723
19732724
19732745
19732764
19732777
19732801
19732780
19732811
19732827
19732863
19732841
19732883
19732907
19732913
19732949
19732952
19732959
19732970
19732971
19733003
19733059
19733060
19733089
19733119
19733129
19733144
19733156
19733165
19733184
19733178
19733176
19733202
19733215
19733210
19733209
19733289
19733318
19733401
19733396
19745967
11408786
19767353
19392371
19775322
17578118
19778157
19778188
19785848
19799502
19797962
19799524
19810571
16617140
19822207
19818826
19816998
19827197
19830641
19827660
19833309
17962086
19840375
19840462
19850255
19981028
19867991
19863126
19879964
19890925
19897771
19895697
19888762
19899228
19899284
19901515
19888629
19904804
19909483
19912409
19916956
17110063
19923329
19923945
19946598
19531817
19943679
6458179
19947471
19947959
17577604
19985081
19985099
19965896
19985168
19989824
19953056
19731874
19987099
17075713
20005640
19721120
20011903
19720781
20026652
20038122
20051260
20056185
20056871
20059619
20063545
20063942
20064338
20065795
20070360
20070119
20069602
20070240
19654323
20076456
20078056
20089640
20104252
20116607
19732053
20117277
20117920
20136229
20156891
20156756
20160345
20163500
19731710
20169850
20170823
20171302
20171018
20172498
20178120
20179093
20185207
20186615
20187402
20191059
20064068
20215426
20162420
20216271
20215699
20215742
20215994
20220752
20216924
20221266
20220810
20223634
20223143
20223761
20223687
20216394
20224089
20251099
20232716
20255106
20256498
15277599
20234256
17664721
20261048
11401738
20288645
20034323
20290319
20290896
20293758
20300742
20301218
20308858
20311559
20311598
19307456
20316446
20316818
20317131
20290401
20337452
18369198
19732364
20338312
20338383
20361266
19732567
20360986
20362914
20364876
20369024
20363295
20369474
20371620
20377510
20372260
20372273
17577862
17897091
18259723
18377054
18541987
19063755
18167051
20034579
19061194
17317475
16737318
19471853
20373253
20376697
20378156
20378252
20388391
20474867
20389991
20390254
20136249
20394706
20399464
19840581
20413661
20416618
20418479
20408871
20419454
20421743
20422261
20423467
20436408
20438472
20425283
20424576
13104730
19731537
14714236
20237256
20447849
20469061
20469386
20468290
19818509
20470271
20470331
20470364
20470373
20470906
20471317
20473191
20473470
20474857
20474960
20475012
20485699
20481411
10905379
20496625
20497328
20501611
20501573
6582374
6611137
12091516
6828357
11225156
12669757
15647437
15218696
15770861
16369117
16467714
16487273
16680309
16680313
16680315
16864806
16891623
16897159
16946623
17072319
17104294
17286180
17306329
17310497
17362914
17363819
17495539
17532021
17022905
17177230
17532605
16703358
17092020
16762673
17116277
17766656
16714049
17542474
18075688
18096126
18102468
18220399
18162844
18346375
18397550
18406387
18428296
18450227
18367953
18456289
18465475
18465561
18465680
18465724
18524114
18578733
18578943
18592694
17533566
17829001
17954709
17954469
17954341
18637000
17787364
16238225
18672997
18681437
18692755
18695246
18695668
18761119
18750598
18752891
18751015
18761609
18761661
18773624
18830569
6547382
18834455
18870669
18899801
18895931
18930206
18966293
18992545
19004400
19012662
19012720
19031452
19022053
19023322
19025207
19024959
19057521
19079977
18898070
19089206
19110371
19121041
19130965
19130987
19140367
19143258
19194502
19194507
18904419
19218273
19238356
19243143
19253772
19254357
19261805
19257558
19265052
19286507
19304919
19317438
19327338
19345138
19350621
19359424
19376177
19379244
19391932
19391801
19391938
19391941
19391942
19391951
19391958
19391954
19391967
19391977
19391965
19391975
19391983
19391984
19391998
19391995
19392020
19392010
19392023
19392021
19392026
19392041
19392032
19392033
19392049
19392048
19392191
19392050
19392206
19392207
19392208
19392219
19392221
19392227
19392228
19392237
19392249
19392250
19392252
19392253
19392256
19392257
19392265
19392259
19392266
19392273
19753273
19392274
19392340
19392345
19392346
19392351
19392363
19392390
19392385
19392392
19392393
19392415
19392418
19392420
19392422
19392424
19392425
19392426
19392427
19392922
19433387
19436615
19445006
19439513
19446620
19438404
19446673
19446700
19448237
19452499
19458999
19452893
19459120
19459644
19470421
19471002
19470553
19471282
19474775
19471344
19477447
19483984
19484223
19484114
19484465
19506999
19520402
19530927
19531632
19540016
19548638
19548158
19549036
19561251
19574084
19576309
19582404
19587751
19593918
19613188
19600370
19615520
19615970
19626473
19615972
19632146
19632701
19633796
19635972
19638696
19639398
19652733
18897653
19643841
19657099
19656092
19657100
19657102
19657103
19657105
19657104
19657111
19657113
19657112
19657114
19657115
19657117
19657135
19657120
19657124
19657127
19657128
19657131
19657140
19657143
19657145
19657149
19657161
19657151
19657154
19657164
19657163
19657157
19657172
19657175
19657179
19657176
19657182
19657214
19657195
19657191
19657204
19657206
19657207
19657215
19657217
19657218
19657223
19657231
19657240
19657243
19657245
19657246
19668107
19657252
19657745
19663254
19668674
19674665
19677577
19675198
19675094
19690413
19690668
19690777
19692522
19692828
19694861
19712979
19701247
19713133
19715602
19720330
19720342
19720399
19720713
19720440
19720471
19720476
19720492
19720516
19720540
19720572
19720641
19720594
19720689
19720714
19720725
19720761
19720814
19720760
19720818
19720827
19720927
19720950
19721211
19721233
19724400
19725785
19721237
19733112
19747225
19755327
19757321
19757326
19391961
19392248
19392238
19767336
19770845
19771073
19771526
19781098
19799568
19782462
19800348
19653333
19801255
19821021
19808042
19808505
19808507
19808509
19810448
19813729
19816361
19819431
19819543
19821001
19820428
19821010
19821107
19821117
19821121
19821123
19821134
19821141
19821159
19821162
19821302
19821315
19835012
19821326
19821340
19821357
19821365
19835016
19821375
19821396
19821465
19827157
19826621
19830688
19831106
19831155
19831148
19833077
19840672
19841803
19840138
19841804
19847578
19844471
19848046
19853360
19858780
19866569
19866571
19915332
19870846
19866585
19873845
19876845
19876849
19876896
19877191
19877497
19878799
19879369
19878106
19897165
19896796
19888628
19884645
19899473
19902777
19902559
19897191
19907712
18895893
19917337
19910297
19915330
19915327
19915329
19912111
19915336
19915339
19915337
19924401
19915342
19915341
19915343
19915347
19915346
19915349
19915351
19915353
19915355
19915356
19915358
19915361
19940171
19915362
19915364
19915365
19915368
19915367
19915369
19915374
19915371
19915376
19915377
19915384
19915385
19915389
19969073
19915390
19915394
19915395
19917332
19969080
19923340
19923990
19924481
19924914
19938284
19938313
19939846
19553604
19942911
19951660
19951789
19951869
19952897
19953881
19967662
19968512
19969166
19969142
19981914
19982155
19984947
19982395
19986218
19986220
19987115
19997249
20001549
20003449
20014628
20012508
20014747
20015806
20015812
20015815
20015819
20015820
20072479
20015823
20015825
20015875
20015835
20023248
20015840
20015836
20015842
20015848
20015852
20015851
20015853
20015858
20076767
20015859
20015861
20015864
20015865
20020055
20020428
20020556
20021318
20022538
20022626
20022910
20031335
20030469
20033374
20034713
20037666
20044664
20066709
20051427
20052235
20052515
20052486
20055915
20056526
20056663
20059699
20060401
20060411
20064838
20064849
20067636
20069119
20069121
20069665
20070241
20071828
20072044
20072056
20073459
20076721
20076754
20076804
20076851
20076878
20076906
20076935
20076941
20076944
20076952
20076968
20076989
20077000
20077023
20077061
20087760
20088095
20092463
20092707
20096576
17271337
20104024
20104354
20104346
20116639
20116661
11015798
20117815
20120563
20121286
20121868
20173357
15627713
19134812
20159479
20159489
20159504
20159514
20159517
20159523
20166846
20164472
20166791
20164932
20169277
20169291
20318476
20169450
20170659
20171174
20179023
20171465
20181877
20183725
20186882
20183793
20211777
20213178
20213666
20213591
20213334
20214824
20214939
20214917
20214958
20215916
20215922
20239045
20215919
20219902
20221100
20221247
20222692
20224319
19458587
20089292
20226641
20230739
20227623
20231580
20235918
20235921
20235923
20235925
20235924
20237105
20235927
20237130
20237204
20237210
20238973
20239392
20240474
20251322
20240718
20251378
20251417
20251426
20251756
20251430
20251450
20256505
20255203
20252866
20262820
20262926
20263436
20286281
20287580
20290672
20289239
20295139
20307160
20307959
20310461
20310234
20311273
20311474
20312258
20312259
20312293
20312292
20313098
20316340
20318492
20318479
20318482
20318473
20324763
20324764
20326734
20328547
20329362
20329188
20329794
20333526
20339616
20341262
20351992
20359445
20359997
20359972
20360383
20360675
20360693
20361309
20361348
20361336
20367371
20361765
20361772
20363925
20364005
20390548
18959044
20365161
20365162
20365163
20365166
20365171
20365172
20365176
20365174
20367364
20367365
20367368
20369522
20368470
20369527
20370086
20369603
20370973
20370988
20371257
20371226
20371278
20371286
20372036
20372336
20372057
20373751
20373755
20373752
20373757
20373762
20373763
20377172
20377285
20378045
20379246
20378078
20379250
20379261
20381543
20381546
20381550
20381551
20381554
20381555
20381563
20381565
20381564
20381567
20381573
20381574
20381575
20381576
20384266
20384268
20384269
20384272
20384274
20386078
20386015
20386484
20387996
20388012
20388834
20390546
20390549
20391649
20390547
20391652
20391656
20392219
20392242
20392305
20402000
20392356
20392606
20392617
20395770
20395715
20396952
20402001
20397587
20398028
20398046
20398848
20399571
20399572
20403347
20399575
20399577
20399576
20399578
20399580
20399585
20401998
20399586
20401996
20401997
20402004
20402612
20401999
20403348
20403351
20403353
20403354
20403363
20404235
20404236
20404878
20404885
20404883
20404889
20404891
20406708
20407662
20415723
20407676
20408667
20408735
20409431
20415724
20409599
20409703
20411906
20413017
20413766
20415728
20416432
20415730
20417357
20417520
20418054
20418184
20418756
20420079
20420372
20422149
20422731
20429318
20424311
20424471
20425028
20435304
20425265
20425266
20426892
20438131
20427794
20428084
20429315
20429316
20429319
20429320
20429323
20429324
20429327
20429326
20429328
20429329
20431099
20431098
20433150
20433221
20434272
20434550
20434964
20435256
20435140
20436422
20436937
20439951
20436939
20438626
20439558
20439858
20440046
20440452
20440540
20440535
20440830
20440826
20441056
20441449
20441116
20446696
20441452
20441453
20441529
20441534
20442846
20442367
20443398
20444409
20444410
20444413
20444412
20444414
20444416
20444418
20444419
20444420
20444425
20444426
20446686
20446688
20446694
20448127
20448128
20448130
20448133
20448134
20448135
20448136
20448137
20448138
20448790
20448791
20449405
20449401
20449402
20449407
20449408
20449409
20449413
20449411
20449420
20451710
20451712
20452035
20452259
20452379
20452812
20454574
20456783
20458628
20459168
20458629
20465613
20465616
20467544
20467546
20467663
20468123
20467735
20467736
20467744
20467957
20468019
20468121
20468125
20468179
20468151
20468196
20468194
20468202
20468209
20468421
20469254
20469277
20469302
20470056
20470197
20470618
20470202
20470651
20470894
20472313
20472383
20472653
20472670
20472991
20473006
20473073
20473214
20473266
20473247
20473375
20475023
20475025
20475024
20475028
20475027
20475030
20475604
20475560
20476856
20476867
20476878
20476877
20476868
20477431
20477018
20477915
20477999
20478183
20478022
20478291
20478299
20479087
20479206
20479226
20479776
20479275
20480032
20480131
20480147
20480162
20480301
20480421
20480423
20480449
20483460
20480489
20480525
20480538
20480608
20480574
20480549
20480641
20483461
20480654
20480667
20480678
20480693
20481898
20481900
20481899
20483459
20484245
20483990
20484364
20484401
20484499
20484609
20484859
20484678
20484903
20485170
20485300
20485332
20485379
20485338
20485500
20485631
20485709
20487881
20487896
20488023
20488212
20488443
20488538
20488541
20488543
20489673
20488553
20489676
20489687
20489821
20489697
20489823
20489822
20489824
20489825
20489827
20489831
20489833
20489834
20490114
20489835
20490538
20490539
20491819
20490770
20491543
20491812
20491814
20493859
20491815
20491816
20491817
20491821
20491822
20493864
20493862
20493869
20493868
20494379
20494514
20494517
20494518
20494519
20494520
20494522
20494521
20494523
20494526
20494528
20494529
20494535
20494534
20495331
20495332
20495634
20495775
20495840
20497315
20497427
20497581
20498375
20497936
20498454
20498591
20499234
20504390
20499406
20499518
20500646
20500679
20501593
20501440
20501886
20501891
20501890
20501888
20501889
20504386
20501917
20504388
20504389
20505599
20505007
20505405
20505618
20505610
20505607
20505608
17641097
20499209
20499455
20498798
20505620
20515429
20539677
20540231
20553005
20553009
